tensor([[-1.8874e-02,  8.7607e-03,  7.3598e-03,  ...,  1.8855e-03,
         -2.1368e-04,  1.1480e-03],
        [ 8.7607e-03, -7.8416e-03,  1.5196e-02,  ...,  1.0795e-03,
         -1.9629e-03,  4.1734e-04],
        [ 7.3598e-03,  1.5196e-02, -1.2220e-02,  ...,  1.6923e-03,
         -4.8491e-05,  5.0393e-04],
        ...,
        [ 1.8855e-03,  1.0795e-03,  1.6923e-03,  ...,  3.1010e-03,
         -3.0312e-04,  2.7299e-04],
        [-2.1368e-04, -1.9629e-03, -4.8491e-05,  ..., -3.0312e-04,
         -3.9676e-03,  6.7017e-04],
        [ 1.1480e-03,  4.1734e-04,  5.0393e-04,  ...,  2.7299e-04,
          6.7017e-04, -3.7247e-04]], device='cuda:0')
=================================
tensor([[ 0.0044,  0.0008,  0.0024,  ..., -0.0017,  0.0028, -0.0011],
        [ 0.0008, -0.0032,  0.0024,  ...,  0.0011,  0.0005, -0.0010],
        [ 0.0024,  0.0024, -0.0036,  ...,  0.0013, -0.0008, -0.0007],
        ...,
        [-0.0017,  0.0011,  0.0013,  ..., -0.0040, -0.0004,  0.0010],
        [ 0.0028,  0.0005, -0.0008,  ..., -0.0004,  0.0048, -0.0009],
        [-0.0011, -0.0010, -0.0007,  ...,  0.0010, -0.0009, -0.0006]],
       device='cuda:0')
=================================
tensor([[ 2.6235e-03,  6.0410e-03,  8.2277e-03,  ...,  2.3419e-03,
         -1.0110e-04,  4.4656e-04],
        [ 6.0410e-03, -3.6140e-04,  1.4812e-02,  ...,  2.8961e-03,
         -5.6397e-04, -2.4725e-04],
        [ 8.2277e-03,  1.4812e-02, -3.4522e-03,  ...,  1.7955e-03,
         -6.6509e-05, -2.6668e-04],
        ...,
        [ 2.3419e-03,  2.8961e-03,  1.7955e-03,  ...,  7.1174e-04,
         -1.6177e-04, -3.0812e-04],
        [-1.0110e-04, -5.6397e-04, -6.6509e-05,  ..., -1.6177e-04,
          6.8775e-03, -1.4055e-03],
        [ 4.4656e-04, -2.4725e-04, -2.6668e-04,  ..., -3.0812e-04,
         -1.4055e-03,  4.3323e-04]], device='cuda:0')
=================================
tensor([[ 5.5758e-03,  1.3249e-02,  1.3275e-02,  ...,  4.1942e-04,
         -2.8272e-03,  6.4298e-05],
        [ 1.3249e-02,  2.4772e-02,  1.3271e-02,  ...,  3.9518e-04,
         -9.2268e-04,  1.0979e-04],
        [ 1.3275e-02,  1.3271e-02,  1.4591e-02,  ...,  1.5240e-03,
          7.2593e-04, -9.2874e-05],
        ...,
        [ 4.1942e-04,  3.9518e-04,  1.5240e-03,  ...,  1.0797e-02,
         -2.2986e-03, -9.1650e-04],
        [-2.8272e-03, -9.2268e-04,  7.2593e-04,  ..., -2.2986e-03,
          4.3620e-03, -2.1058e-04],
        [ 6.4298e-05,  1.0979e-04, -9.2874e-05,  ..., -9.1650e-04,
         -2.1058e-04,  1.7485e-03]], device='cuda:0')
=================================
tensor([[-0.0146, -0.0069, -0.0065,  ...,  0.0014,  0.0005, -0.0009],
        [-0.0069, -0.0293, -0.0058,  ...,  0.0007,  0.0013, -0.0002],
        [-0.0065, -0.0058, -0.0325,  ...,  0.0011,  0.0008, -0.0004],
        ...,
        [ 0.0014,  0.0007,  0.0011,  ..., -0.0102,  0.0030,  0.0008],
        [ 0.0005,  0.0013,  0.0008,  ...,  0.0030, -0.0077,  0.0007],
        [-0.0009, -0.0002, -0.0004,  ...,  0.0008,  0.0007, -0.0030]],
       device='cuda:0')
=================================
tensor([[ 0.0028, -0.0033, -0.0049,  ..., -0.0004, -0.0017,  0.0002],
        [-0.0033,  0.0025, -0.0005,  ...,  0.0011, -0.0002,  0.0002],
        [-0.0049, -0.0005,  0.0015,  ...,  0.0007,  0.0007,  0.0003],
        ...,
        [-0.0004,  0.0011,  0.0007,  ...,  0.0029,  0.0003, -0.0004],
        [-0.0017, -0.0002,  0.0007,  ...,  0.0003, -0.0029,  0.0005],
        [ 0.0002,  0.0002,  0.0003,  ..., -0.0004,  0.0005, -0.0036]],
       device='cuda:0')
=================================
tensor([[-5.7895e-03,  4.7862e-03,  1.4647e-03,  ...,  6.9060e-04,
         -1.8313e-03,  2.2772e-04],
        [ 4.7862e-03,  5.3629e-03,  1.4947e-03,  ...,  1.5286e-03,
         -2.1771e-03, -1.6652e-04],
        [ 1.4647e-03,  1.4947e-03,  9.9781e-03,  ...,  2.2431e-03,
         -1.9263e-03,  5.8874e-05],
        ...,
        [ 6.9060e-04,  1.5286e-03,  2.2431e-03,  ..., -1.0090e-02,
          6.0858e-04,  1.1361e-03],
        [-1.8313e-03, -2.1771e-03, -1.9263e-03,  ...,  6.0858e-04,
         -2.1954e-04,  1.7324e-04],
        [ 2.2772e-04, -1.6652e-04,  5.8874e-05,  ...,  1.1361e-03,
          1.7324e-04, -2.1450e-04]], device='cuda:0')
=================================
tensor([[ 4.6714e-03,  6.0052e-03,  6.9292e-03,  ...,  9.2104e-04,
          2.4053e-04,  2.8223e-04],
        [ 6.0052e-03, -4.8326e-04,  7.3130e-03,  ..., -5.6104e-04,
         -5.9009e-04,  8.9784e-05],
        [ 6.9292e-03,  7.3130e-03, -8.3267e-03,  ..., -9.0319e-04,
         -4.6989e-06,  5.2159e-04],
        ...,
        [ 9.2104e-04, -5.6104e-04, -9.0319e-04,  ...,  9.7529e-03,
         -5.4881e-05, -1.3400e-03],
        [ 2.4053e-04, -5.9009e-04, -4.6989e-06,  ..., -5.4881e-05,
         -7.5474e-03,  1.1140e-03],
        [ 2.8223e-04,  8.9784e-05,  5.2159e-04,  ..., -1.3400e-03,
          1.1140e-03,  6.9164e-04]], device='cuda:0')
=================================
tensor([[ 0.0086, -0.0131, -0.0090,  ...,  0.0008, -0.0007,  0.0001],
        [-0.0131,  0.0132, -0.0069,  ...,  0.0007, -0.0017,  0.0004],
        [-0.0090, -0.0069, -0.0036,  ...,  0.0009, -0.0017,  0.0002],
        ...,
        [ 0.0008,  0.0007,  0.0009,  ...,  0.0041, -0.0007, -0.0012],
        [-0.0007, -0.0017, -0.0017,  ..., -0.0007,  0.0087, -0.0018],
        [ 0.0001,  0.0004,  0.0002,  ..., -0.0012, -0.0018,  0.0032]],
       device='cuda:0')
=================================
tensor([[ 1.1609e-03,  9.1126e-03,  5.9827e-03,  ...,  2.0923e-04,
         -1.2294e-03,  3.5617e-04],
        [ 9.1126e-03,  2.8445e-03,  3.5293e-03,  ..., -1.9603e-04,
         -8.3960e-05,  1.6595e-04],
        [ 5.9827e-03,  3.5293e-03, -2.7720e-03,  ...,  1.4126e-04,
         -1.2536e-03,  2.1035e-04],
        ...,
        [ 2.0923e-04, -1.9603e-04,  1.4126e-04,  ...,  1.2940e-03,
         -2.6034e-03,  5.0619e-05],
        [-1.2294e-03, -8.3960e-05, -1.2536e-03,  ..., -2.6034e-03,
          1.6445e-02, -2.3007e-03],
        [ 3.5617e-04,  1.6595e-04,  2.1035e-04,  ...,  5.0619e-05,
         -2.3007e-03, -2.2071e-03]], device='cuda:0')
=================================
tensor([[-2.0805e-02, -3.6028e-03, -1.9860e-03,  ..., -6.3576e-04,
         -7.9000e-04, -9.7148e-05],
        [-3.6028e-03, -1.6883e-02, -2.9683e-03,  ..., -9.9387e-04,
          3.4259e-04, -5.5778e-04],
        [-1.9860e-03, -2.9683e-03, -1.6531e-02,  ..., -3.0586e-04,
         -6.0789e-04, -5.0078e-04],
        ...,
        [-6.3576e-04, -9.9387e-04, -3.0586e-04,  ..., -2.6060e-02,
          3.3278e-03,  3.4407e-03],
        [-7.9000e-04,  3.4259e-04, -6.0789e-04,  ...,  3.3278e-03,
         -6.8341e-03,  3.9234e-04],
        [-9.7148e-05, -5.5778e-04, -5.0078e-04,  ...,  3.4407e-03,
          3.9234e-04, -4.8563e-05]], device='cuda:0')
=================================
tensor([[ 7.9633e-03, -1.0334e-02, -7.3526e-03,  ...,  1.9432e-03,
          5.7334e-04,  4.0395e-04],
        [-1.0334e-02,  2.9134e-02, -8.1444e-03,  ...,  2.6067e-03,
         -1.4015e-04, -6.8017e-05],
        [-7.3526e-03, -8.1444e-03,  1.2825e-02,  ...,  1.4183e-03,
         -1.1021e-03, -2.5104e-04],
        ...,
        [ 1.9432e-03,  2.6067e-03,  1.4183e-03,  ..., -1.2862e-02,
          2.1130e-03,  1.0724e-03],
        [ 5.7334e-04, -1.4015e-04, -1.1021e-03,  ...,  2.1130e-03,
          6.4931e-04, -6.6531e-04],
        [ 4.0395e-04, -6.8017e-05, -2.5104e-04,  ...,  1.0724e-03,
         -6.6531e-04,  4.1174e-03]], device='cuda:0')
=================================
tensor([[ 2.5485e-03, -2.4062e-02, -1.8143e-02,  ...,  2.1126e-03,
         -5.7810e-04,  8.6238e-05],
        [-2.4062e-02,  4.3993e-03, -2.9403e-02,  ...,  3.1230e-04,
         -2.9972e-03,  4.1125e-04],
        [-1.8143e-02, -2.9403e-02, -1.0873e-02,  ..., -4.5203e-04,
         -2.0730e-03,  5.5964e-04],
        ...,
        [ 2.1126e-03,  3.1230e-04, -4.5203e-04,  ..., -4.2696e-03,
          3.1269e-03, -2.8272e-04],
        [-5.7810e-04, -2.9972e-03, -2.0730e-03,  ...,  3.1269e-03,
         -1.7235e-02,  1.2259e-03],
        [ 8.6238e-05,  4.1125e-04,  5.5964e-04,  ..., -2.8272e-04,
          1.2259e-03,  5.8627e-04]], device='cuda:0')
=================================
tensor([[-0.0171,  0.0047,  0.0047,  ...,  0.0025,  0.0002,  0.0002],
        [ 0.0047, -0.0116,  0.0023,  ..., -0.0002,  0.0014,  0.0006],
        [ 0.0047,  0.0023, -0.0152,  ..., -0.0004,  0.0004,  0.0007],
        ...,
        [ 0.0025, -0.0002, -0.0004,  ..., -0.0024,  0.0017, -0.0011],
        [ 0.0002,  0.0014,  0.0004,  ...,  0.0017, -0.0110,  0.0008],
        [ 0.0002,  0.0006,  0.0007,  ..., -0.0011,  0.0008,  0.0043]],
       device='cuda:0')
=================================
tensor([[ 6.3519e-03, -2.7658e-03, -2.0666e-03,  ...,  8.2402e-04,
         -1.1412e-03,  2.6946e-04],
        [-2.7658e-03,  1.3345e-02,  7.7358e-04,  ..., -5.0187e-04,
         -1.9132e-03,  9.7358e-05],
        [-2.0666e-03,  7.7358e-04,  1.7355e-03,  ..., -5.1841e-04,
         -1.1321e-03, -2.1824e-04],
        ...,
        [ 8.2402e-04, -5.0187e-04, -5.1841e-04,  ..., -1.7080e-04,
          2.9788e-03,  7.4255e-04],
        [-1.1412e-03, -1.9132e-03, -1.1321e-03,  ...,  2.9788e-03,
         -1.0940e-02,  2.3809e-03],
        [ 2.6946e-04,  9.7358e-05, -2.1824e-04,  ...,  7.4255e-04,
          2.3809e-03, -2.6309e-03]], device='cuda:0')
=================================
tensor([[-7.0538e-03, -3.4254e-03, -2.4042e-03,  ..., -7.0126e-04,
         -4.7037e-05, -2.8312e-04],
        [-3.4254e-03,  2.5529e-02, -3.9917e-03,  ...,  6.6296e-05,
         -1.1970e-03,  3.7884e-04],
        [-2.4042e-03, -3.9917e-03,  1.4124e-02,  ..., -2.1552e-04,
         -8.1024e-04,  2.2809e-04],
        ...,
        [-7.0126e-04,  6.6296e-05, -2.1552e-04,  ..., -1.0242e-02,
          2.6184e-03,  1.4910e-03],
        [-4.7037e-05, -1.1970e-03, -8.1024e-04,  ...,  2.6184e-03,
         -6.8464e-03,  9.0706e-04],
        [-2.8312e-04,  3.7884e-04,  2.2809e-04,  ...,  1.4910e-03,
          9.0706e-04, -1.9619e-03]], device='cuda:0')
=================================
tensor([[ 0.0091, -0.0074, -0.0054,  ...,  0.0006,  0.0011,  0.0010],
        [-0.0074,  0.0184, -0.0057,  ..., -0.0002,  0.0020,  0.0009],
        [-0.0054, -0.0057,  0.0059,  ..., -0.0002,  0.0014,  0.0009],
        ...,
        [ 0.0006, -0.0002, -0.0002,  ...,  0.0066, -0.0009, -0.0003],
        [ 0.0011,  0.0020,  0.0014,  ..., -0.0009,  0.0014, -0.0007],
        [ 0.0010,  0.0009,  0.0009,  ..., -0.0003, -0.0007, -0.0003]],
       device='cuda:0')
=================================
tensor([[-0.0040, -0.0039, -0.0013,  ..., -0.0021, -0.0009,  0.0003],
        [-0.0039,  0.0192, -0.0055,  ..., -0.0016,  0.0013,  0.0009],
        [-0.0013, -0.0055,  0.0122,  ..., -0.0019,  0.0004,  0.0007],
        ...,
        [-0.0021, -0.0016, -0.0019,  ..., -0.0038, -0.0014,  0.0007],
        [-0.0009,  0.0013,  0.0004,  ..., -0.0014,  0.0128, -0.0017],
        [ 0.0003,  0.0009,  0.0007,  ...,  0.0007, -0.0017, -0.0007]],
       device='cuda:0')
=================================
tensor([[ 1.7295e-02, -5.5245e-03, -4.4669e-03,  ..., -1.0331e-03,
          1.1105e-04, -4.0510e-04],
        [-5.5245e-03, -2.4940e-03, -1.6818e-03,  ...,  1.0039e-04,
         -3.3500e-04, -2.9831e-04],
        [-4.4669e-03, -1.6818e-03, -3.7785e-03,  ...,  2.2238e-04,
         -1.0544e-03, -5.0805e-05],
        ...,
        [-1.0331e-03,  1.0039e-04,  2.2238e-04,  ..., -6.2796e-03,
         -7.0550e-04,  1.3679e-04],
        [ 1.1105e-04, -3.3500e-04, -1.0544e-03,  ..., -7.0550e-04,
          5.1395e-03, -1.5533e-03],
        [-4.0510e-04, -2.9831e-04, -5.0805e-05,  ...,  1.3679e-04,
         -1.5533e-03,  3.1353e-03]], device='cuda:0')
=================================
tensor([[ 3.0679e-02, -1.1699e-02, -9.7687e-03,  ...,  2.1800e-04,
          1.9419e-04, -2.8080e-04],
        [-1.1699e-02,  3.3676e-02, -7.2588e-03,  ..., -2.1626e-04,
         -9.1247e-04, -4.8972e-04],
        [-9.7687e-03, -7.2588e-03,  1.9592e-02,  ...,  1.5750e-04,
         -1.0865e-03, -4.6188e-04],
        ...,
        [ 2.1800e-04, -2.1626e-04,  1.5750e-04,  ...,  2.6429e-03,
         -6.2184e-04, -1.0069e-03],
        [ 1.9419e-04, -9.1247e-04, -1.0865e-03,  ..., -6.2184e-04,
         -2.1808e-03,  7.3692e-05],
        [-2.8080e-04, -4.8972e-04, -4.6188e-04,  ..., -1.0069e-03,
          7.3692e-05,  2.1693e-03]], device='cuda:0')
=================================
tensor([[-0.0053, -0.0043, -0.0037,  ...,  0.0010,  0.0011,  0.0004],
        [-0.0043,  0.0198, -0.0092,  ...,  0.0008,  0.0009,  0.0003],
        [-0.0037, -0.0092,  0.0108,  ...,  0.0007,  0.0004,  0.0002],
        ...,
        [ 0.0010,  0.0008,  0.0007,  ..., -0.0088,  0.0013,  0.0009],
        [ 0.0011,  0.0009,  0.0004,  ...,  0.0013,  0.0030, -0.0005],
        [ 0.0004,  0.0003,  0.0002,  ...,  0.0009, -0.0005,  0.0023]],
       device='cuda:0')
=================================
tensor([[ 3.5382e-02, -2.2489e-02, -2.0612e-02,  ..., -1.3183e-03,
          6.6579e-04,  1.5057e-04],
        [-2.2489e-02,  3.3900e-02, -2.4640e-02,  ..., -1.2073e-03,
          2.8277e-04, -4.6884e-04],
        [-2.0612e-02, -2.4640e-02,  2.7839e-02,  ..., -1.3827e-03,
         -1.9069e-04, -4.0787e-04],
        ...,
        [-1.3183e-03, -1.2073e-03, -1.3827e-03,  ...,  4.0686e-03,
         -9.9752e-04, -7.1447e-04],
        [ 6.6579e-04,  2.8277e-04, -1.9069e-04,  ..., -9.9752e-04,
         -1.3217e-03, -3.4456e-05],
        [ 1.5057e-04, -4.6884e-04, -4.0787e-04,  ..., -7.1447e-04,
         -3.4456e-05,  1.3763e-03]], device='cuda:0')
=================================
tensor([[-0.0099, -0.0057, -0.0041,  ..., -0.0005, -0.0023,  0.0007],
        [-0.0057, -0.0112, -0.0106,  ...,  0.0006, -0.0010,  0.0005],
        [-0.0041, -0.0106, -0.0083,  ...,  0.0005, -0.0010,  0.0004],
        ...,
        [-0.0005,  0.0006,  0.0005,  ..., -0.0013,  0.0007,  0.0003],
        [-0.0023, -0.0010, -0.0010,  ...,  0.0007, -0.0063,  0.0008],
        [ 0.0007,  0.0005,  0.0004,  ...,  0.0003,  0.0008, -0.0007]],
       device='cuda:0')
=================================
tensor([[-2.1098e-02,  8.7148e-03,  8.3025e-03,  ..., -4.1340e-04,
         -9.7799e-04,  4.4081e-04],
        [ 8.7148e-03, -9.9050e-03,  5.8219e-03,  ...,  1.1688e-04,
         -9.7982e-04, -5.9942e-05],
        [ 8.3025e-03,  5.8219e-03, -8.2299e-03,  ...,  1.8440e-04,
         -4.5338e-04, -1.0579e-05],
        ...,
        [-4.1340e-04,  1.1688e-04,  1.8440e-04,  ..., -1.7051e-03,
          7.7056e-04,  6.9262e-04],
        [-9.7799e-04, -9.7982e-04, -4.5338e-04,  ...,  7.7056e-04,
         -6.1449e-03,  1.1115e-03],
        [ 4.4081e-04, -5.9942e-05, -1.0579e-05,  ...,  6.9262e-04,
          1.1115e-03, -2.7769e-03]], device='cuda:0')
=================================
tensor([[ 0.0009,  0.0200,  0.0156,  ...,  0.0012,  0.0005,  0.0005],
        [ 0.0200, -0.0245,  0.0199,  ..., -0.0003,  0.0001,  0.0004],
        [ 0.0156,  0.0199, -0.0115,  ..., -0.0002,  0.0002,  0.0004],
        ...,
        [ 0.0012, -0.0003, -0.0002,  ..., -0.0017, -0.0012,  0.0007],
        [ 0.0005,  0.0001,  0.0002,  ..., -0.0012,  0.0080, -0.0009],
        [ 0.0005,  0.0004,  0.0004,  ...,  0.0007, -0.0009, -0.0006]],
       device='cuda:0')
=================================
tensor([[ 0.0012,  0.0010,  0.0005,  ...,  0.0010, -0.0001, -0.0003],
        [ 0.0010,  0.0009,  0.0039,  ...,  0.0014,  0.0002, -0.0001],
        [ 0.0005,  0.0039, -0.0029,  ...,  0.0013, -0.0003, -0.0001],
        ...,
        [ 0.0010,  0.0014,  0.0013,  ..., -0.0113,  0.0020,  0.0020],
        [-0.0001,  0.0002, -0.0003,  ...,  0.0020, -0.0031,  0.0008],
        [-0.0003, -0.0001, -0.0001,  ...,  0.0020,  0.0008, -0.0024]],
       device='cuda:0')
=================================
tensor([[ 6.6678e-03,  1.5235e-05,  1.4425e-03,  ...,  8.4960e-04,
         -4.0883e-04, -1.7544e-05],
        [ 1.5235e-05,  2.2305e-02, -4.8986e-05,  ...,  8.2562e-04,
         -2.7254e-04, -6.7711e-05],
        [ 1.4425e-03, -4.8986e-05,  1.4040e-02,  ...,  9.2054e-04,
         -2.0463e-04, -7.9232e-05],
        ...,
        [ 8.4960e-04,  8.2562e-04,  9.2054e-04,  ..., -7.7045e-03,
          1.3400e-03,  5.2435e-04],
        [-4.0883e-04, -2.7254e-04, -2.0463e-04,  ...,  1.3400e-03,
         -1.2660e-03,  1.4300e-04],
        [-1.7544e-05, -6.7711e-05, -7.9232e-05,  ...,  5.2435e-04,
          1.4300e-04,  2.4861e-03]], device='cuda:0')
=================================
tensor([[ 0.0020,  0.0050,  0.0035,  ..., -0.0011,  0.0003, -0.0001],
        [ 0.0050,  0.0087,  0.0023,  ..., -0.0006,  0.0008,  0.0003],
        [ 0.0035,  0.0023,  0.0083,  ..., -0.0007,  0.0008,  0.0002],
        ...,
        [-0.0011, -0.0006, -0.0007,  ...,  0.0018, -0.0012, -0.0003],
        [ 0.0003,  0.0008,  0.0008,  ..., -0.0012,  0.0058, -0.0010],
        [-0.0001,  0.0003,  0.0002,  ..., -0.0003, -0.0010,  0.0012]],
       device='cuda:0')
=================================
tensor([[-1.6113e-02,  3.9138e-03,  4.5248e-03,  ..., -3.2132e-04,
         -5.1573e-05,  9.4060e-05],
        [ 3.9138e-03, -1.0964e-02,  2.4014e-03,  ..., -4.6836e-04,
         -6.1017e-04,  2.2349e-05],
        [ 4.5248e-03,  2.4014e-03, -1.3806e-02,  ..., -1.2166e-04,
         -5.1838e-04, -7.0937e-05],
        ...,
        [-3.2132e-04, -4.6836e-04, -1.2166e-04,  ...,  2.5809e-03,
         -2.5047e-04, -3.9503e-05],
        [-5.1573e-05, -6.1017e-04, -5.1838e-04,  ..., -2.5047e-04,
          9.3386e-04,  2.3141e-04],
        [ 9.4060e-05,  2.2349e-05, -7.0937e-05,  ..., -3.9503e-05,
          2.3141e-04, -1.2677e-03]], device='cuda:0')
=================================
tensor([[-1.8198e-03, -1.3564e-02, -1.1739e-02,  ...,  7.4612e-04,
         -2.2566e-04, -3.7627e-04],
        [-1.3564e-02,  7.6169e-03, -1.3002e-02,  ...,  8.7153e-04,
          3.0457e-04, -2.0990e-04],
        [-1.1739e-02, -1.3002e-02,  9.0533e-04,  ...,  9.7215e-04,
          1.0557e-04, -1.2070e-04],
        ...,
        [ 7.4612e-04,  8.7153e-04,  9.7215e-04,  ..., -4.7508e-03,
          9.0062e-04,  8.3167e-04],
        [-2.2566e-04,  3.0457e-04,  1.0557e-04,  ...,  9.0062e-04,
          1.5653e-05,  1.6044e-04],
        [-3.7627e-04, -2.0990e-04, -1.2070e-04,  ...,  8.3167e-04,
          1.6044e-04, -1.3528e-03]], device='cuda:0')
=================================
tensor([[-7.6476e-04, -7.8288e-03, -7.3367e-03,  ..., -3.7529e-04,
         -1.7481e-03,  9.2813e-05],
        [-7.8288e-03,  7.3853e-03, -1.0208e-02,  ..., -3.9592e-04,
         -1.2833e-03, -7.4266e-05],
        [-7.3367e-03, -1.0208e-02,  4.8246e-03,  ..., -5.6288e-04,
         -1.1601e-03, -7.3201e-05],
        ...,
        [-3.7529e-04, -3.9592e-04, -5.6288e-04,  ..., -4.3974e-03,
          1.1040e-04,  7.3438e-04],
        [-1.7481e-03, -1.2833e-03, -1.1601e-03,  ...,  1.1040e-04,
          9.4404e-04, -9.1295e-05],
        [ 9.2813e-05, -7.4266e-05, -7.3201e-05,  ...,  7.3438e-04,
         -9.1295e-05, -2.5697e-04]], device='cuda:0')
=================================
tensor([[ 3.5419e-03, -9.4497e-04,  1.0937e-03,  ..., -1.1656e-03,
         -9.5993e-04,  1.0454e-04],
        [-9.4497e-04,  1.8307e-03, -2.1354e-03,  ..., -2.1309e-05,
          3.9528e-04, -3.6355e-05],
        [ 1.0937e-03, -2.1354e-03, -1.1801e-03,  ..., -5.7466e-04,
          2.6452e-04, -7.1190e-05],
        ...,
        [-1.1656e-03, -2.1309e-05, -5.7466e-04,  ..., -3.3469e-03,
          1.2626e-03,  6.2328e-04],
        [-9.5993e-04,  3.9528e-04,  2.6452e-04,  ...,  1.2626e-03,
         -6.7235e-03,  1.1561e-03],
        [ 1.0454e-04, -3.6355e-05, -7.1190e-05,  ...,  6.2328e-04,
          1.1561e-03, -1.4253e-03]], device='cuda:0')
=================================
tensor([[ 2.9773e-02, -1.1669e-02, -1.1667e-02,  ..., -4.2374e-04,
         -9.2710e-04,  2.3675e-04],
        [-1.1669e-02,  6.7497e-03, -6.2552e-03,  ..., -3.1442e-04,
         -4.0823e-04, -2.7731e-04],
        [-1.1667e-02, -6.2552e-03,  7.6286e-03,  ..., -3.6135e-05,
         -7.9612e-04, -2.1652e-04],
        ...,
        [-4.2374e-04, -3.1442e-04, -3.6135e-05,  ..., -5.1408e-03,
          8.1955e-04,  3.0996e-04],
        [-9.2710e-04, -4.0823e-04, -7.9612e-04,  ...,  8.1955e-04,
         -1.6624e-03,  6.5051e-07],
        [ 2.3675e-04, -2.7731e-04, -2.1652e-04,  ...,  3.0996e-04,
          6.5051e-07,  2.8497e-03]], device='cuda:0')
=================================
tensor([[-3.7551e-04, -1.1459e-02, -9.6316e-03,  ..., -3.2226e-04,
         -3.8838e-05,  4.5517e-04],
        [-1.1459e-02,  1.1249e-02, -1.5752e-02,  ...,  3.3680e-04,
         -3.1584e-04,  2.6550e-04],
        [-9.6316e-03, -1.5752e-02,  5.5609e-03,  ...,  6.2395e-05,
         -7.1233e-04,  1.7632e-04],
        ...,
        [-3.2226e-04,  3.3680e-04,  6.2395e-05,  ..., -4.8770e-03,
          1.8532e-03,  6.2420e-04],
        [-3.8838e-05, -3.1584e-04, -7.1233e-04,  ...,  1.8532e-03,
         -9.4155e-03,  9.5505e-04],
        [ 4.5517e-04,  2.6550e-04,  1.7632e-04,  ...,  6.2420e-04,
          9.5505e-04,  1.4285e-04]], device='cuda:0')
=================================
tensor([[-1.3185e-02,  5.5341e-03,  6.3021e-03,  ...,  2.5655e-04,
          3.9663e-04,  2.0404e-05],
        [ 5.5341e-03, -5.6347e-03,  3.6416e-03,  ..., -3.6564e-05,
          4.2861e-05, -1.6040e-04],
        [ 6.3021e-03,  3.6416e-03, -6.5030e-03,  ..., -5.8187e-05,
          5.0330e-05, -1.7837e-04],
        ...,
        [ 2.5655e-04, -3.6564e-05, -5.8187e-05,  ..., -1.9282e-03,
          1.0620e-04,  8.4050e-05],
        [ 3.9663e-04,  4.2861e-05,  5.0330e-05,  ...,  1.0620e-04,
         -2.9845e-04, -1.9112e-04],
        [ 2.0404e-05, -1.6040e-04, -1.7837e-04,  ...,  8.4050e-05,
         -1.9112e-04,  1.2675e-03]], device='cuda:0')
=================================
tensor([[ 1.4356e-02, -6.3229e-03, -6.8669e-03,  ...,  1.9776e-04,
          2.6135e-04, -2.1399e-04],
        [-6.3229e-03, -1.2000e-02, -4.6535e-04,  ...,  1.2741e-04,
          1.9686e-05, -1.2947e-04],
        [-6.8669e-03, -4.6535e-04, -1.1663e-02,  ...,  3.8182e-04,
         -4.9561e-05, -2.0028e-04],
        ...,
        [ 1.9776e-04,  1.2741e-04,  3.8182e-04,  ..., -1.1866e-03,
          1.2748e-03,  3.5058e-04],
        [ 2.6135e-04,  1.9686e-05, -4.9561e-05,  ...,  1.2748e-03,
         -7.5815e-03,  1.0602e-03],
        [-2.1399e-04, -1.2947e-04, -2.0028e-04,  ...,  3.5058e-04,
          1.0602e-03, -7.2791e-04]], device='cuda:0')
=================================
tensor([[ 1.5817e-03, -2.5597e-03, -2.7603e-03,  ...,  3.8063e-05,
          1.6514e-04, -2.7301e-04],
        [-2.5597e-03, -1.0031e-03, -3.2646e-03,  ...,  8.6042e-05,
          3.3431e-04, -2.1998e-04],
        [-2.7603e-03, -3.2646e-03, -1.2485e-03,  ..., -1.2079e-04,
          4.7406e-04, -1.9878e-04],
        ...,
        [ 3.8063e-05,  8.6042e-05, -1.2079e-04,  ...,  1.0553e-03,
         -3.0255e-04,  7.4253e-05],
        [ 1.6514e-04,  3.3431e-04,  4.7406e-04,  ..., -3.0255e-04,
          2.1045e-03, -7.1361e-05],
        [-2.7301e-04, -2.1998e-04, -1.9878e-04,  ...,  7.4253e-05,
         -7.1361e-05, -1.3490e-03]], device='cuda:0')
=================================
tensor([[ 1.7713e-02, -1.8123e-02, -1.6194e-02,  ..., -5.2277e-04,
         -1.8703e-04,  1.7200e-04],
        [-1.8123e-02,  2.7626e-02, -2.1065e-02,  ...,  9.9854e-05,
         -6.6691e-04,  1.0634e-04],
        [-1.6194e-02, -2.1065e-02,  2.0119e-02,  ..., -7.6639e-05,
         -5.1225e-04,  1.1607e-04],
        ...,
        [-5.2277e-04,  9.9854e-05, -7.6639e-05,  ...,  1.9261e-04,
         -2.5389e-04,  5.8990e-04],
        [-1.8703e-04, -6.6691e-04, -5.1225e-04,  ..., -2.5389e-04,
          1.1528e-03,  3.0335e-04],
        [ 1.7200e-04,  1.0634e-04,  1.1607e-04,  ...,  5.8990e-04,
          3.0335e-04, -3.9065e-03]], device='cuda:0')
=================================
tensor([[ 3.4376e-03, -1.0267e-02, -9.0413e-03,  ...,  6.2228e-04,
         -6.5959e-04, -1.3485e-04],
        [-1.0267e-02,  1.3657e-02, -9.4720e-03,  ...,  6.6773e-05,
         -5.4884e-04, -8.0936e-05],
        [-9.0413e-03, -9.4720e-03,  9.1629e-03,  ...,  1.3581e-05,
         -5.7171e-04, -1.2635e-04],
        ...,
        [ 6.2228e-04,  6.6773e-05,  1.3581e-05,  ..., -6.6939e-03,
          1.0195e-03,  1.1853e-03],
        [-6.5959e-04, -5.4884e-04, -5.7171e-04,  ...,  1.0195e-03,
         -5.8693e-04,  2.7451e-04],
        [-1.3485e-04, -8.0936e-05, -1.2635e-04,  ...,  1.1853e-03,
          2.7451e-04, -1.5641e-03]], device='cuda:0')
=================================
tensor([[ 1.7298e-02, -1.4604e-02, -1.3173e-02,  ..., -5.8381e-04,
          3.3820e-04,  1.8642e-04],
        [-1.4604e-02,  4.8249e-02, -1.4925e-02,  ..., -3.2105e-04,
          1.8007e-04,  2.1056e-04],
        [-1.3173e-02, -1.4925e-02,  3.6586e-02,  ..., -3.6180e-04,
          3.5033e-04,  9.0441e-05],
        ...,
        [-5.8381e-04, -3.2105e-04, -3.6180e-04,  ...,  4.1773e-03,
          1.0414e-03, -8.7272e-04],
        [ 3.3820e-04,  1.8007e-04,  3.5033e-04,  ...,  1.0414e-03,
         -8.9822e-03,  9.2236e-04],
        [ 1.8642e-04,  2.1056e-04,  9.0441e-05,  ..., -8.7272e-04,
          9.2236e-04,  2.1249e-03]], device='cuda:0')
=================================
tensor([[-0.0006, -0.0068, -0.0056,  ...,  0.0006, -0.0005, -0.0001],
        [-0.0068, -0.0186, -0.0052,  ...,  0.0003, -0.0007, -0.0002],
        [-0.0056, -0.0052, -0.0228,  ...,  0.0005, -0.0005, -0.0001],
        ...,
        [ 0.0006,  0.0003,  0.0005,  ..., -0.0047,  0.0013,  0.0009],
        [-0.0005, -0.0007, -0.0005,  ...,  0.0013, -0.0033,  0.0007],
        [-0.0001, -0.0002, -0.0001,  ...,  0.0009,  0.0007, -0.0016]],
       device='cuda:0')
=================================
tensor([[-1.2383e-02,  3.5753e-03,  3.7707e-03,  ..., -7.4050e-05,
         -1.3327e-04, -1.6803e-04],
        [ 3.5753e-03, -8.1040e-03,  2.8232e-03,  ..., -4.2502e-04,
         -1.1076e-04, -4.3613e-05],
        [ 3.7707e-03,  2.8232e-03, -1.1344e-02,  ..., -4.7622e-04,
          8.0463e-05, -5.2878e-05],
        ...,
        [-7.4050e-05, -4.2502e-04, -4.7622e-04,  ..., -1.8076e-03,
          6.9434e-04,  4.1374e-04],
        [-1.3327e-04, -1.1076e-04,  8.0463e-05,  ...,  6.9434e-04,
         -3.5416e-03,  6.7122e-04],
        [-1.6803e-04, -4.3613e-05, -5.2878e-05,  ...,  4.1374e-04,
          6.7122e-04, -5.6392e-04]], device='cuda:0')
=================================
tensor([[-0.0049,  0.0036,  0.0032,  ...,  0.0007,  0.0004,  0.0003],
        [ 0.0036, -0.0122,  0.0034,  ...,  0.0006,  0.0004,  0.0002],
        [ 0.0032,  0.0034, -0.0106,  ...,  0.0007,  0.0004,  0.0002],
        ...,
        [ 0.0007,  0.0006,  0.0007,  ...,  0.0030, -0.0009, -0.0003],
        [ 0.0004,  0.0004,  0.0004,  ..., -0.0009,  0.0044, -0.0005],
        [ 0.0003,  0.0002,  0.0002,  ..., -0.0003, -0.0005, -0.0004]],
       device='cuda:0')
=================================
tensor([[ 4.8443e-03,  4.3905e-03,  4.7762e-03,  ...,  2.3797e-04,
         -8.7543e-05, -1.2640e-04],
        [ 4.3905e-03,  4.9503e-03,  5.2802e-03,  ..., -1.2249e-04,
         -4.2127e-04, -4.8022e-05],
        [ 4.7762e-03,  5.2802e-03,  3.9962e-03,  ...,  1.8517e-05,
         -3.4859e-04, -4.9971e-05],
        ...,
        [ 2.3797e-04, -1.2249e-04,  1.8517e-05,  ...,  3.6288e-03,
         -2.5374e-04, -2.9891e-04],
        [-8.7543e-05, -4.2127e-04, -3.4859e-04,  ..., -2.5374e-04,
         -9.4166e-04,  3.4995e-04],
        [-1.2640e-04, -4.8022e-05, -4.9971e-05,  ..., -2.9891e-04,
          3.4995e-04, -6.7676e-04]], device='cuda:0')
=================================
tensor([[ 1.7253e-02, -1.4433e-02, -1.3932e-02,  ...,  3.0579e-04,
         -1.3685e-04, -1.7140e-04],
        [-1.4433e-02,  1.2326e-02, -1.5891e-02,  ...,  2.8758e-04,
          1.7005e-04,  5.7742e-05],
        [-1.3932e-02, -1.5891e-02,  8.9826e-03,  ...,  1.3291e-04,
          8.0500e-05,  3.0875e-05],
        ...,
        [ 3.0579e-04,  2.8758e-04,  1.3291e-04,  ..., -1.5322e-03,
          6.6517e-04,  2.8817e-04],
        [-1.3685e-04,  1.7005e-04,  8.0500e-05,  ...,  6.6517e-04,
         -1.7197e-03,  3.4462e-04],
        [-1.7140e-04,  5.7742e-05,  3.0875e-05,  ...,  2.8817e-04,
          3.4462e-04, -3.7505e-04]], device='cuda:0')
=================================
tensor([[-4.2174e-04, -4.2736e-03, -3.8546e-03,  ..., -1.2672e-04,
          4.3731e-04,  3.4796e-06],
        [-4.2736e-03, -5.1674e-03, -3.6447e-03,  ..., -1.7750e-04,
          7.1085e-04,  1.3043e-04],
        [-3.8546e-03, -3.6447e-03, -7.5420e-03,  ..., -1.7786e-04,
          8.2922e-04,  1.5280e-04],
        ...,
        [-1.2672e-04, -1.7750e-04, -1.7786e-04,  ..., -1.5539e-03,
          5.5506e-04,  2.2159e-04],
        [ 4.3731e-04,  7.1085e-04,  8.2922e-04,  ...,  5.5506e-04,
         -1.0724e-03,  5.2468e-05],
        [ 3.4796e-06,  1.3043e-04,  1.5280e-04,  ...,  2.2159e-04,
          5.2468e-05,  3.6280e-04]], device='cuda:0')
=================================
tensor([[-1.2049e-02, -3.3349e-03, -3.1161e-03,  ..., -5.9863e-04,
          2.2380e-04, -2.0548e-04],
        [-3.3349e-03, -5.2770e-03, -5.4451e-03,  ..., -2.8644e-04,
          1.8796e-05,  1.8228e-05],
        [-3.1161e-03, -5.4451e-03, -5.8735e-03,  ..., -3.0252e-04,
          9.8861e-05,  1.9458e-05],
        ...,
        [-5.9863e-04, -2.8644e-04, -3.0252e-04,  ..., -1.8355e-03,
          2.6294e-04,  2.1032e-04],
        [ 2.2380e-04,  1.8796e-05,  9.8861e-05,  ...,  2.6294e-04,
          1.0860e-03, -1.6358e-04],
        [-2.0548e-04,  1.8228e-05,  1.9458e-05,  ...,  2.1032e-04,
         -1.6358e-04,  2.9684e-04]], device='cuda:0')
=================================
tensor([[ 4.9908e-03, -3.5114e-03, -2.8130e-03,  ...,  1.5564e-04,
          2.5320e-04, -2.5699e-04],
        [-3.5114e-03,  2.4152e-03, -2.9550e-03,  ...,  2.6062e-04,
          8.7194e-05, -1.8955e-04],
        [-2.8130e-03, -2.9550e-03, -4.0366e-03,  ...,  2.2064e-04,
          7.3725e-05, -1.8826e-04],
        ...,
        [ 1.5564e-04,  2.6062e-04,  2.2064e-04,  ..., -1.4661e-03,
          3.5255e-04,  5.5783e-04],
        [ 2.5320e-04,  8.7194e-05,  7.3725e-05,  ...,  3.5255e-04,
         -6.7910e-04,  4.1944e-04],
        [-2.5699e-04, -1.8955e-04, -1.8826e-04,  ...,  5.5783e-04,
          4.1944e-04, -1.5648e-03]], device='cuda:0')
=================================
tensor([[-9.9886e-03,  4.5669e-03,  3.0175e-03,  ...,  5.3170e-04,
         -3.4009e-04, -9.3426e-05],
        [ 4.5669e-03, -9.3392e-03,  3.4117e-03,  ...,  8.2343e-04,
          6.7934e-05, -2.0490e-05],
        [ 3.0175e-03,  3.4117e-03, -6.7223e-03,  ...,  8.2652e-04,
          1.3860e-04, -1.9205e-05],
        ...,
        [ 5.3170e-04,  8.2343e-04,  8.2652e-04,  ...,  6.1943e-04,
          1.0230e-04,  3.1134e-05],
        [-3.4009e-04,  6.7934e-05,  1.3860e-04,  ...,  1.0230e-04,
         -1.0309e-03,  3.0768e-04],
        [-9.3426e-05, -2.0490e-05, -1.9205e-05,  ...,  3.1134e-05,
          3.0768e-04, -5.9142e-04]], device='cuda:0')
=================================
tensor([[ 6.2808e-03, -1.9086e-03, -2.2837e-03,  ..., -5.6082e-04,
         -1.0929e-04, -1.4861e-05],
        [-1.9086e-03,  3.6101e-03, -4.0788e-03,  ...,  1.5410e-04,
          1.5301e-04, -1.0613e-04],
        [-2.2837e-03, -4.0788e-03,  3.6782e-04,  ...,  5.3254e-05,
          1.3154e-04, -3.8292e-05],
        ...,
        [-5.6082e-04,  1.5410e-04,  5.3254e-05,  ..., -3.1690e-03,
         -1.5588e-05,  5.4934e-04],
        [-1.0929e-04,  1.5301e-04,  1.3154e-04,  ..., -1.5588e-05,
          3.1072e-03, -3.8066e-04],
        [-1.4861e-05, -1.0613e-04, -3.8292e-05,  ...,  5.4934e-04,
         -3.8066e-04,  2.3408e-05]], device='cuda:0')
=================================
tensor([[-5.7372e-04, -1.9517e-03, -1.0621e-03,  ...,  7.5929e-05,
         -6.1672e-05, -3.0618e-05],
        [-1.9517e-03, -1.9547e-03, -1.4128e-03,  ..., -3.4450e-04,
         -7.6539e-05, -8.0567e-05],
        [-1.0621e-03, -1.4128e-03, -5.0488e-03,  ..., -2.8182e-04,
         -2.2935e-04,  2.3566e-05],
        ...,
        [ 7.5929e-05, -3.4450e-04, -2.8182e-04,  ...,  9.3347e-04,
         -5.0477e-04,  1.0944e-04],
        [-6.1672e-05, -7.6539e-05, -2.2935e-04,  ..., -5.0477e-04,
          2.5442e-03, -1.0740e-04],
        [-3.0618e-05, -8.0567e-05,  2.3566e-05,  ...,  1.0944e-04,
         -1.0740e-04, -1.0496e-03]], device='cuda:0')
=================================
tensor([[ 8.7825e-03,  1.1357e-02,  1.1949e-02,  ..., -1.8490e-04,
          6.4421e-04, -4.4364e-05],
        [ 1.1357e-02,  1.5965e-02,  1.0975e-02,  ..., -3.8495e-04,
          5.7617e-04, -1.0586e-04],
        [ 1.1949e-02,  1.0975e-02,  1.2360e-02,  ..., -6.4012e-05,
          6.5524e-04, -1.1567e-04],
        ...,
        [-1.8490e-04, -3.8495e-04, -6.4012e-05,  ..., -1.6827e-04,
         -3.4804e-04,  3.5284e-04],
        [ 6.4421e-04,  5.7617e-04,  6.5524e-04,  ..., -3.4804e-04,
          2.8047e-03, -1.8072e-04],
        [-4.4364e-05, -1.0586e-04, -1.1567e-04,  ...,  3.5284e-04,
         -1.8072e-04, -9.4354e-04]], device='cuda:0')
=================================
tensor([[ 1.8115e-02, -1.0128e-02, -9.8259e-03,  ..., -1.5380e-04,
          2.4330e-05, -2.8677e-04],
        [-1.0128e-02,  4.2933e-03, -6.3012e-03,  ..., -2.5739e-04,
          1.2378e-04, -1.4441e-04],
        [-9.8259e-03, -6.3012e-03,  6.3228e-03,  ..., -1.9066e-04,
          1.4419e-04, -9.2351e-05],
        ...,
        [-1.5380e-04, -2.5739e-04, -1.9066e-04,  ...,  9.8771e-04,
         -1.0664e-04,  5.9771e-05],
        [ 2.4330e-05,  1.2378e-04,  1.4419e-04,  ..., -1.0664e-04,
         -2.1547e-04,  2.0616e-04],
        [-2.8677e-04, -1.4441e-04, -9.2351e-05,  ...,  5.9771e-05,
          2.0616e-04, -5.2564e-04]], device='cuda:0')
=================================
tensor([[-8.4867e-03,  2.9452e-03,  2.6854e-03,  ...,  3.1210e-04,
         -3.3325e-04,  2.0519e-04],
        [ 2.9452e-03, -6.8176e-03,  1.8271e-03,  ..., -5.1305e-06,
         -1.8405e-04,  8.2622e-05],
        [ 2.6854e-03,  1.8271e-03, -7.6601e-03,  ..., -1.9538e-05,
         -1.4884e-04,  1.1273e-04],
        ...,
        [ 3.1210e-04, -5.1305e-06, -1.9538e-05,  ...,  9.2699e-04,
          1.3900e-05, -1.5595e-04],
        [-3.3325e-04, -1.8405e-04, -1.4884e-04,  ...,  1.3900e-05,
         -3.2946e-04, -3.0121e-05],
        [ 2.0519e-04,  8.2622e-05,  1.1273e-04,  ..., -1.5595e-04,
         -3.0121e-05,  9.4801e-04]], device='cuda:0')
=================================
tensor([[-1.2340e-02, -3.9860e-03, -2.9213e-03,  ..., -2.4783e-04,
         -4.2199e-04,  1.7892e-04],
        [-3.9860e-03, -1.6129e-03, -6.1959e-03,  ..., -1.1845e-04,
         -2.8974e-04,  5.1281e-05],
        [-2.9213e-03, -6.1959e-03, -4.4747e-03,  ..., -8.1887e-05,
         -1.5795e-04,  6.8049e-05],
        ...,
        [-2.4783e-04, -1.1845e-04, -8.1887e-05,  ...,  4.6137e-03,
          2.3925e-04, -6.8073e-04],
        [-4.2199e-04, -2.8974e-04, -1.5795e-04,  ...,  2.3925e-04,
         -5.5403e-03,  7.7146e-04],
        [ 1.7892e-04,  5.1281e-05,  6.8049e-05,  ..., -6.8073e-04,
          7.7146e-04,  6.5431e-04]], device='cuda:0')
=================================
tensor([[ 7.5072e-03, -3.0030e-03, -2.8327e-03,  ...,  2.9041e-04,
          2.1111e-04, -8.1411e-06],
        [-3.0030e-03, -4.7180e-03, -9.4079e-04,  ...,  7.6804e-05,
          6.1400e-04, -2.0739e-05],
        [-2.8327e-03, -9.4079e-04, -8.2663e-03,  ...,  1.1357e-05,
          5.2446e-04, -6.3513e-05],
        ...,
        [ 2.9041e-04,  7.6804e-05,  1.1357e-05,  ..., -8.6968e-04,
          2.5413e-04,  3.2004e-04],
        [ 2.1111e-04,  6.1400e-04,  5.2446e-04,  ...,  2.5413e-04,
         -6.3355e-04,  3.0867e-04],
        [-8.1411e-06, -2.0739e-05, -6.3513e-05,  ...,  3.2004e-04,
          3.0867e-04, -5.3306e-04]], device='cuda:0')
=================================
tensor([[ 2.6761e-03, -1.1506e-02, -1.0651e-02,  ...,  1.2309e-04,
         -7.9373e-04,  3.5507e-05],
        [-1.1506e-02, -3.2527e-03, -1.0437e-02,  ...,  2.5104e-05,
         -8.3431e-04, -3.2580e-05],
        [-1.0651e-02, -1.0437e-02, -1.0551e-02,  ...,  9.2928e-06,
         -8.6188e-04,  1.6856e-06],
        ...,
        [ 1.2309e-04,  2.5104e-05,  9.2928e-06,  ...,  1.9322e-04,
          5.5059e-04,  1.6220e-04],
        [-7.9373e-04, -8.3431e-04, -8.6188e-04,  ...,  5.5059e-04,
         -3.4325e-03,  6.4974e-04],
        [ 3.5507e-05, -3.2580e-05,  1.6856e-06,  ...,  1.6220e-04,
          6.4974e-04, -8.4295e-04]], device='cuda:0')
=================================
tensor([[-5.3813e-03,  1.0730e-03,  1.9127e-03,  ..., -8.1702e-04,
          3.5591e-04,  6.0051e-06],
        [ 1.0730e-03, -5.0697e-04,  2.2451e-03,  ..., -2.9435e-04,
         -1.8305e-04, -1.2401e-05],
        [ 1.9127e-03,  2.2451e-03, -4.4595e-03,  ..., -1.0824e-04,
         -2.0673e-04, -8.1430e-05],
        ...,
        [-8.1702e-04, -2.9435e-04, -1.0824e-04,  ...,  1.2031e-03,
         -2.8910e-04, -1.8305e-04],
        [ 3.5591e-04, -1.8305e-04, -2.0673e-04,  ..., -2.8910e-04,
          2.0456e-03, -2.1349e-04],
        [ 6.0051e-06, -1.2401e-05, -8.1430e-05,  ..., -1.8305e-04,
         -2.1349e-04,  7.8595e-04]], device='cuda:0')
=================================
tensor([[ 7.9161e-03, -1.2987e-03, -9.5793e-04,  ..., -4.0960e-04,
         -3.6648e-05, -6.4538e-05],
        [-1.2987e-03, -4.1742e-04,  2.1206e-04,  ..., -6.5821e-04,
          3.3010e-04,  7.8929e-05],
        [-9.5793e-04,  2.1206e-04, -3.7699e-03,  ..., -6.8382e-04,
          2.3208e-04,  8.2286e-05],
        ...,
        [-4.0960e-04, -6.5821e-04, -6.8382e-04,  ..., -4.3910e-04,
          5.0197e-04,  2.0106e-05],
        [-3.6648e-05,  3.3010e-04,  2.3208e-04,  ...,  5.0197e-04,
         -2.7068e-03,  3.9892e-04],
        [-6.4538e-05,  7.8929e-05,  8.2286e-05,  ...,  2.0106e-05,
          3.9892e-04,  4.9044e-04]], device='cuda:0')
=================================
tensor([[ 4.2465e-03,  1.7950e-03,  1.5089e-03,  ..., -2.4844e-04,
         -3.4761e-04, -2.3655e-04],
        [ 1.7950e-03,  6.8431e-03,  1.3219e-03,  ..., -5.7799e-04,
         -1.2646e-04, -7.8493e-05],
        [ 1.5089e-03,  1.3219e-03,  5.0938e-03,  ..., -6.4635e-04,
         -1.4676e-04, -3.9031e-05],
        ...,
        [-2.4844e-04, -5.7799e-04, -6.4635e-04,  ..., -3.9403e-03,
          7.6629e-04,  7.1573e-04],
        [-3.4761e-04, -1.2646e-04, -1.4676e-04,  ...,  7.6629e-04,
         -2.6292e-04,  2.2027e-04],
        [-2.3655e-04, -7.8493e-05, -3.9031e-05,  ...,  7.1573e-04,
          2.2027e-04, -3.7999e-04]], device='cuda:0')
=================================
tensor([[-6.5405e-03, -5.0077e-03, -4.0128e-03,  ...,  2.6294e-04,
         -2.1889e-04, -1.3970e-04],
        [-5.0077e-03, -8.3993e-03, -3.2899e-03,  ...,  5.5688e-04,
         -3.4181e-04, -3.5880e-05],
        [-4.0128e-03, -3.2899e-03, -1.3858e-02,  ...,  3.6142e-04,
         -2.5066e-04, -7.2016e-05],
        ...,
        [ 2.6294e-04,  5.5688e-04,  3.6142e-04,  ...,  2.6627e-03,
         -1.7202e-04, -2.7591e-04],
        [-2.1889e-04, -3.4181e-04, -2.5066e-04,  ..., -1.7202e-04,
         -3.5304e-04,  1.8370e-04],
        [-1.3970e-04, -3.5880e-05, -7.2016e-05,  ..., -2.7591e-04,
          1.8370e-04, -1.0150e-03]], device='cuda:0')
=================================
tensor([[ 2.6178e-02, -9.0901e-03, -8.2612e-03,  ..., -5.2162e-04,
         -9.0987e-05,  1.2577e-05],
        [-9.0901e-03,  1.9843e-02, -7.2945e-03,  ..., -1.1307e-03,
         -2.5833e-04,  3.5299e-05],
        [-8.2612e-03, -7.2945e-03,  1.3626e-02,  ..., -1.0001e-03,
         -2.9952e-04,  6.1980e-05],
        ...,
        [-5.2162e-04, -1.1307e-03, -1.0001e-03,  ..., -2.0777e-03,
          3.0232e-04,  5.6587e-04],
        [-9.0987e-05, -2.5833e-04, -2.9952e-04,  ...,  3.0232e-04,
          1.2646e-03,  2.9193e-05],
        [ 1.2577e-05,  3.5299e-05,  6.1980e-05,  ...,  5.6587e-04,
          2.9193e-05, -7.0400e-04]], device='cuda:0')
=================================
tensor([[ 2.2230e-02, -2.1464e-03, -2.1104e-03,  ..., -1.2079e-04,
          4.7650e-04,  1.4874e-05],
        [-2.1464e-03,  2.0668e-02, -1.6704e-03,  ..., -1.0544e-04,
          5.0734e-04,  2.8561e-05],
        [-2.1104e-03, -1.6704e-03,  1.2381e-02,  ..., -1.6460e-04,
          4.5748e-04,  3.0642e-05],
        ...,
